10
Lt2_MG230229.1_Leopa 0.0000000 0.7334788 0.5937728 0.5937728 0.6054411 0.6136075 0.6017448 0.6283042 0.7668757 0.6686272 
Fcat_LC500148.1_Feli 0.7334788 0.0000000 0.1104116 0.1104116 0.1185983 0.1191656 0.1109317 0.0950026 0.1572331 0.1197394 
Nari__o_MG230196.1_L 0.5937728 0.1104116 0.0000000 0.0000010 0.0071131 0.0215449 0.0143203 0.0510528 0.0828587 0.0510528 
Lw1_MG230243.1_Leopa 0.5937728 0.1104116 0.0000010 0.0000000 0.0071131 0.0215449 0.0143203 0.0510528 0.0828587 0.0510528 
Lw3_MG230245.1_Leopa 0.6054411 0.1185983 0.0071131 0.0071131 0.0000000 0.0288115 0.0215449 0.0585100 0.0906513 0.0585100 
Lp1_MG230239.1_Leopa 0.6136075 0.1191656 0.0215449 0.0215449 0.0288115 0.0000000 0.0071131 0.0738401 0.1068291 0.0738401 
Lp2_MG230241.1_Leopa 0.6017448 0.1109317 0.0143203 0.0143203 0.0215449 0.0071131 0.0000000 0.0662734 0.0989200 0.0662734 
Lt1_MG230224.1_Leopa 0.6283042 0.0950026 0.0510528 0.0510528 0.0585100 0.0738401 0.0662734 0.0000000 0.0751054 0.0436346 
Lt3_MG230232.1_Leopa 0.7668757 0.1572331 0.0828587 0.0828587 0.0906513 0.1068291 0.0989200 0.0751054 0.0000000 0.0292597 
Lg1_MG230235.1_Leopa 0.6686272 0.1197394 0.0510528 0.0510528 0.0585100 0.0738401 0.0662734 0.0436346 0.0292597 0.0000000 
